384062.90   2522619.18   30    0   250.74     6   
381245.02   2523849.98   71    0   405.06     6   
381111.01   2525494.99   72    0   349.78     6   
380439.83   2522969.95   2    0   172.77     6   
380440.00   2522480.08   12    0   477.66     6   
381442.55   2522722.58   13    0   350.00     6   
381442.54   2522025.07   14    0   114.00     6   
380052.57   2522025.01   15    0   473.42     6   
380752.52   2522024.97   16    0   260.26     6   
382142.56   2522722.47   19    0   321.42     6   
382149.88   2522025.05   20    0   63.73     6   
381440.06   2521322.48   21    0   45.18     6   
380832.51   2521527.49   22    0   7.87     6   
381027.89   2522415.75   23    0   271.33     6   
381054.39   2523305.08   24    0   27.87     6   
381787.92   2522370.00   25    0   383.62     6   
380132.55   2521527.55   27    0   495.50     6   
380052.96   2522624.58   28    0   172.12     6   
380439.89   2523370.12   50    0   315.95     6   
378447.43   2521429.98   5    0   252.60     6   
380420.47   2519658.15   6    0   395.98     6   
380127.50   2520137.50   8    0   419.19     6   
379427.52   2520127.51   9    0   300.05     6   
380827.54   2520150.05   10    0   233.55     6   
379430.07   2520827.46   11    0   432.19     6   
380129.97   2520827.52   17    0   28.91     6   
380840.02   2519080.06   18    0   332.40     6   
380482.00   2520485.69   26    0   16.73     6   
380520.67   2519208.18   29    0   285.17     6   
endfile
