   57.76
  243.42
  252.42
  256.86
  221.47
  242.36
  267.81
  299.29
  188.82
  165.47
  296.10
  239.04
  234.10
  270.15
  312.47
  345.11
  310.95
  242.65
  266.21
  209.14
  234.03
  151.13
  248.25
  219.91
  278.02
  234.14
  273.44
  281.04
  295.80
  280.50
  316.47
  355.59
  264.82
  264.51
  311.95
  323.73
  307.69
  279.10
  221.25
  216.55
  139.23
  273.39
  154.25
  165.33
  151.56
  230.60
  231.17
  306.80
  297.52
  134.76
  225.89
  253.43
  259.72
  245.13
  222.73
  270.31
  278.55
  211.17
  264.26
  276.19
  265.09
  280.77
  196.32
  293.16
  282.27
  295.36
  322.74
  339.06
  283.35
  285.34
  278.75
  307.29
  295.16
  319.42
  336.12
    0.88
  357.35
  348.64
  321.57
  326.36
  319.25
  248.54
  315.96
  292.32
  283.53
  265.09
  307.84
  300.47
  287.19
  287.14
  320.00
  286.67
  309.06
  278.07
  304.33
  244.53
  230.22
  257.79
  289.21
  304.20
  248.52
  298.08
  273.18
  192.70
  317.65
  310.33
  325.61
  309.12
  315.22
  220.80
  261.05
  233.41
  211.01
  256.13
  244.54
  239.93
  243.65
  233.13
  271.36
  302.86
  269.51
  249.12
  273.19
  225.52
  298.03
  248.24
  243.87
  304.64
  267.60
  339.42
  322.78
  328.27
  300.86
  267.48
  280.30
  312.01
  294.69
  233.54
  259.55
  302.67
  322.12
  286.58
  294.84
  312.94
  318.19
  336.16
  339.25
  278.21
endfile
