       382604.00      2523632.00      59       0       1       1
       381740.00      2524470.00      63       0       1       1
       382459.00      2524365.00      79       0       1       1
       382882.00      2523291.00      99       0       1       1
       380403.00      2525093.00     122       0       1       1
       380517.00      2525252.00     129       0       1       3
       380728.50      2522203.00      61       0       1       3
       381970.00      2521540.00      70       0       1       1
       379630.00      2523685.00      76       0       1       1
       381072.00      2522889.00      80       0       1       3
       380454.09      2521889.89     140       0       1       1
       381064.01      2523118.99     136       0       1       1
       382352.01      2522652.97     128       0       1       1
       381127.03      2522584.99     131       0       1       1
       382345.05      2522200.03     125       0       1       1
       379648.98       2523418.00    95       0       1       1
endfile
