384000.000 2524971.682  1
383973.490 2524989.000  1
383874.040 2525089.000  1
383792.290 2525189.000  1
383621.820 2525289.000  1
383541.580 2525389.000  1
383384.200 2525489.000  1
383286.860 2525589.000  1
383278.410 2525589.000  1
  
384000.000 2520955.978  2
383974.110 2520977.650  2
383927.920 2521017.670  2
383849.830 2521089.000  2
383664.050 2521289.000  2
383481.130 2521489.000  2
383300.320 2521689.000  2
383103.800 2521889.000  2
382789.060 2522089.000  2
382555.430 2522289.000  2
382430.550 2522489.000  2
382323.960 2522589.000  2
382287.710 2522639.000  2
382271.410 2522639.000  2
  
378305.776 2518000.000  3
378307.830 2518088.350  3
378307.830 2518188.790  3
378283.920 2518291.610  3
378272.460 2518389.000  3
378189.040 2518489.000  3
378079.990 2518589.000  3
378000.000 2518659.420  3
  
378664.369 2518000.000  4
378611.690 2518089.000  4
378630.930 2518089.000  4
  
384000.000 2522899.149  5
383863.260 2523089.000  5
383687.750 2523289.000  5
383530.560 2523489.000  5
383383.820 2523689.000  5
383184.600 2523889.000  5
382990.950 2524089.000  5
382831.530 2524289.000  5
382648.280 2524490.170  5
382455.860 2524689.000  5
382195.260 2524895.620  5
382013.090 2525083.810  5
381915.080 2525166.970  5
381692.410 2525280.690  5
381604.070 2525362.230  5
381510.250 2525489.000  5
381447.780 2525595.540  5
381388.880 2525763.150  5
381409.270 2525760.890  5
  
384000.000 2522407.640  6
383916.570 2522489.000  6
383701.180 2522689.000  6
383498.460 2522889.000  6
383257.870 2523089.000  6
383122.310 2523289.000  6
383046.700 2523389.000  6
383033.500 2523389.000  6
  
384000.000 2521516.642  7
383847.980 2521689.000  7
383721.960 2521889.000  7
383626.010 2522060.920  7
383541.030 2522160.670  7
383391.370 2522289.000  7
383184.280 2522489.000  7
383010.850 2522690.850  7
382938.810 2522888.510  7
382816.890 2523091.720  7
382602.210 2523289.000  7
382374.200 2523491.260  7
382242.820 2523672.470  7
382078.320 2523889.000  7
381920.550 2524089.000  7
381669.760 2524290.840  7
381526.230 2524489.000  7
381329.990 2524680.440  7
381178.380 2524789.000  7
381098.510 2524839.000  7
381049.820 2524869.030  7
381011.790 2524887.690  7
380961.620 2524911.580  7
380911.450 2524928.300  7
380850.410 2524964.240  7
380866.580 2524976.820  7
  
380599.646 2518000.000  8
380553.600 2518089.000  8
380510.130 2518182.050  8
380451.770 2518289.000  8
380394.330 2518384.020  8
380343.160 2518478.280  8
380262.370 2518569.840  8
380212.000 2518604.490  8
380108.870 2518647.940  8
380001.150 2518682.950  8
379912.000 2518686.910  8
379904.200 2518699.110  8
  
380977.710 2518000.000  9
380840.570 2518089.000  9
380873.100 2518089.000  9
  
381500.465 2518000.000  10
381439.040 2518089.000  10
381400.580 2518189.000  10
381421.710 2518189.000  10
  
382408.398 2518000.000  11
382272.230 2518189.000  11
382175.740 2518389.000  11
382076.500 2518589.000  11
382071.310 2518589.000  11
  
383279.126 2518000.000  12
383212.000 2518087.250  12
383112.000 2518206.850  12
383012.000 2518297.780  12
382812.000 2518529.710  12
382612.000 2518814.810  12
382412.000 2519126.960  12
382212.000 2519381.550  12
382012.000 2519669.860  12
381812.000 2519888.760  12
381612.000 2520125.150  12
381437.280 2520322.980  12
381312.000 2520448.100  12
381120.460 2520545.830  12
380921.770 2520650.540  12
380715.030 2520808.950  12
380532.460 2520956.620  12
380412.000 2521049.030  12
380314.980 2521133.830  12
380070.650 2521311.030  12
379874.650 2521453.330  12
379667.910 2521614.430  12
379462.000 2521767.510  12
379262.000 2521887.380  12
379066.490 2521987.630  12
378862.000 2522114.630  12
378762.000 2522172.040  12
378567.090 2522299.080  12
378368.410 2522414.540  12
378262.000 2522475.200  12
378164.350 2522527.300  12
378000.000 2522613.917  12
  
384000.000 2518539.401  13
383814.240 2518675.950  13
383617.420 2518811.080  13
383412.000 2518993.410  13
383212.000 2519139.380  13
383012.000 2519269.300  13
382812.000 2519472.400  13
382614.510 2519662.990  13
382412.000 2519823.960  13
382212.000 2519948.850  13
382012.000 2520245.280  13
381812.000 2520392.690  13
381612.000 2520526.250  13
381612.000 2520517.050  13
  
384000.000 2519127.389  14
383812.000 2519240.180  14
383698.390 2519389.000  14
383638.660 2519489.000  14
383626.950 2519489.000  14
  
384000.000 2519651.396  15
383820.260 2519781.950  15
383616.530 2519905.130  15
383412.000 2520005.140  15
383211.430 2520087.550  15
383012.000 2520175.650  15
382912.000 2520195.570  15
382791.940 2520206.470  15
382616.810 2520236.790  15
382412.000 2520362.610  15
382212.000 2520495.770  15
382012.000 2520638.110  15
381812.000 2520838.610  15
381612.000 2521032.630  15
381407.390 2521126.180  15
381312.000 2521225.960  15
381108.120 2521371.870  15
380912.000 2521437.430  15
380712.000 2521543.730  15
380512.000 2521715.450  15
380412.000 2521788.080  15
380310.080 2521855.870  15
380062.000 2521891.690  15
379862.000 2521936.270  15
379662.000 2521989.500  15
379462.000 2522071.600  15
379362.000 2522148.190  15
379262.000 2522274.420  15
379062.000 2522444.530  15
378862.000 2522535.400  15
378762.000 2522610.520  15
378562.000 2522747.270  15
378462.000 2522816.440  15
378462.000 2522822.950  15
  
379442.790 2525839.000  16
379486.480 2525746.970  16
379509.680 2525689.000  16
379537.380 2525639.000  16
379566.000 2525600.340  16
379700.390 2525489.000  16
379839.070 2525389.950  16
379941.370 2525301.990  16
380059.940 2525240.910  16
380137.580 2525192.780  16
380201.870 2525120.540  16
380335.030 2524989.000  16
380410.590 2524887.980  16
380495.260 2524788.190  16
380573.880 2524691.430  16
380658.110 2524596.760  16
380766.900 2524491.480  16
380855.110 2524395.080  16
380912.000 2524338.730  16
381019.550 2524273.920  16
381114.300 2524231.810  16
381198.520 2524200.230  16
381314.320 2524182.680  16
381412.570 2524161.630  16
381496.790 2524133.550  16
381542.910 2524098.310  16
381579.150 2524043.950  16
381613.130 2523996.380  16
381656.200 2523939.000  16
381692.410 2523887.660  16
381704.450 2523839.000  16
381729.260 2523789.000  16
381762.280 2523744.940  16
381810.520 2523689.000  16
381862.050 2523639.000  16
381900.800 2523586.400  16
381918.920 2523541.100  16
381952.890 2523436.900  16
381939.300 2523434.640  16
381904.380 2523539.000  16
381883.040 2523589.000  16
381848.700 2523631.700  16
381784.390 2523689.000  16
381750.190 2523732.840  16
381715.060 2523787.990  16
381689.270 2523839.000  16
381676.550 2523885.390  16
381636.620 2523939.000  16
381602.830 2523989.000  16
381566.590 2524039.000  16
381535.390 2524073.900  16
381496.790 2524105.480  16
381412.570 2524140.570  16
381310.810 2524158.120  16
381196.350 2524173.060  16
381103.770 2524207.250  16
381012.530 2524249.350  16
380909.540 2524316.460  16
380840.060 2524389.000  16
380743.220 2524485.800  16
380633.550 2524589.740  16
380546.950 2524689.000  16
380472.410 2524789.000  16
380383.740 2524889.000  16
380316.850 2524978.700  16
380187.500 2525102.580  16
380120.190 2525177.870  16
380043.780 2525221.150  16
379923.410 2525287.620  16
379826.970 2525371.810  16
379675.210 2525489.000  16
379544.910 2525589.000  16
379510.740 2525639.000  16
379482.640 2525689.000  16
379459.140 2525751.940  16
379430.790 2525839.000  16
379442.790 2525839.000  16
  
380214.620 2525799.150  17
380266.810 2525707.200  17
380317.460 2525639.000  17
380452.230 2525539.000  17
380540.180 2525396.560  17
380627.130 2525293.850  17
380701.200 2525207.840  17
380756.150 2525128.990  17
380799.150 2525057.320  17
380841.430 2525000.170  17
380870.170 2524973.230  17
380861.190 2524957.060  17
380834.240 2524980.410  17
380780.040 2525045.370  17
380734.650 2525117.050  17
380682.090 2525195.890  17
380608.020 2525281.900  17
380522.530 2525389.000  17
380423.380 2525533.240  17
380296.630 2525632.650  17
380241.960 2525702.230  17
380209.650 2525766.850  17
380214.620 2525799.150  17
  
382650.540 2525742.770  18
382644.710 2525589.000  18
382658.810 2525489.000  18
382695.320 2525389.000  18
382768.610 2525289.000  18
382842.530 2525166.440  18
382885.980 2525051.420  18
382914.100 2524923.620  18
382891.090 2524967.070  18
382868.090 2525046.300  18
382822.080 2525161.320  18
382752.780 2525289.000  18
382675.600 2525389.000  18
382634.380 2525489.000  18
382626.590 2525589.000  18
382630.160 2525735.970  18
382650.540 2525742.770  18
  
378000.000 2518636.279  19
378055.170 2518589.000  19
378173.870 2518489.000  19
378261.310 2518389.000  19
378264.790 2518291.610  19
378291.090 2518186.400  19
378291.090 2518088.350  19
378291.090 2518000.000  19
  
382576.540 2520272.330  20
382659.460 2520120.710  20
382735.260 2519992.790  20
382812.000 2519914.390  20
382920.040 2519770.100  20
382920.040 2519746.410  20
382812.000 2519880.820  20
382718.680 2519978.570  20
382633.400 2520127.820  20
382545.740 2520291.280  20
382576.540 2520272.330  20
  
380866.580 2524976.820  21
380916.220 2524949.810  21
380968.790 2524925.910  21
381016.570 2524906.800  21
381047.420 2524889.000  21
381112.540 2524848.060  21
381194.090 2524795.960  21
381346.650 2524689.000  21
381547.630 2524489.000  21
381694.670 2524295.370  21
381959.750 2524089.000  21
382118.950 2523889.000  21
382267.740 2523681.530  21
382403.650 2523498.060  21
382628.110 2523289.000  21
382842.750 2523091.720  21
382966.290 2522889.000  21
383043.710 2522689.000  21
383216.810 2522489.000  21
383413.730 2522289.000  21
383546.570 2522177.300  21
383642.630 2522068.310  21
383752.070 2521889.000  21
383885.100 2521689.000  21
384000.000 2521549.431  21
  
381409.270 2525760.890  22
381468.160 2525597.800  22
381532.410 2525489.000  22
381622.190 2525371.290  22
381717.030 2525289.000  22
381920.280 2525188.500  22
382041.230 2525088.160  22
382231.500 2524893.360  22
382487.450 2524694.030  22
382684.520 2524485.640  22
382887.970 2524289.000  22
383038.510 2524089.000  22
383231.500 2523889.000  22
383418.070 2523689.000  22
383560.260 2523489.000  22
383712.050 2523289.000  22
383877.330 2523089.000  22
384000.000 2522918.234  22
  
378000.000 2522111.492  23
378062.330 2522121.880  23
378162.000 2522103.900  23
378261.010 2522084.290  23
378362.000 2522024.660  23
378462.000 2521993.560  23
378562.000 2521960.220  23
378695.970 2521917.820  23
378677.170 2521936.620  23
378564.410 2521971.520  23
378462.380 2522006.430  23
378368.410 2522038.650  23
378262.000 2522097.680  23
378161.670 2522119.190  23
378062.000 2522139.920  23
378000.000 2522127.297  23
  
383626.950 2519489.000  24
383682.860 2519386.330  24
383812.000 2519229.930  24
384000.000 2519113.276  24
  
381612.000 2520517.050  25
381812.000 2520379.130  25
382012.000 2520211.140  25
382212.000 2519919.760  25
382412.000 2519797.030  25
382612.000 2519637.390  25
382810.050 2519438.370  25
383012.000 2519234.360  25
383212.000 2519106.230  25
383412.000 2518956.170  25
383612.000 2518777.240  25
383812.000 2518641.090  25
384000.000 2518506.144  25
  
380192.870 2522789.000  26
380265.760 2522689.000  26
380323.010 2522594.790  26
380414.920 2522489.000  26
380489.270 2522389.740  26
380526.150 2522289.000  26
380545.440 2522189.000  26
380576.090 2522092.320  26
380629.760 2521989.000  26
380649.990 2521890.970  26
380673.130 2521789.000  26
380677.700 2521589.850  26
380664.770 2521600.940  26
380657.380 2521785.670  26
380635.570 2521889.000  26
380613.040 2521987.030  26
380561.320 2522090.480  26
380530.180 2522189.000  26
380505.040 2522289.000  26
380474.490 2522386.050  26
380400.330 2522489.000  26
380310.080 2522592.940  26
380253.220 2522689.000  26
380182.250 2522789.000  26
380192.870 2522789.000  26
  
378462.000 2522822.950  27
378562.000 2522760.780  27
378762.000 2522620.500  27
378862.000 2522549.890  27
379062.000 2522464.760  27
379262.000 2522292.450  27
379362.000 2522173.670  27
379462.000 2522096.360  27
379662.000 2522009.750  27
379862.000 2521948.550  27
380062.000 2521904.280  27
380311.930 2521878.030  27
380412.000 2521811.240  27
380512.000 2521737.750  27
380712.000 2521561.630  27
380917.850 2521451.300  27
381112.000 2521385.910  27
381312.000 2521248.800  27
381418.470 2521146.500  27
381612.000 2521057.680  27
381812.000 2520882.670  27
382012.000 2520692.330  27
382212.000 2520528.620  27
382412.000 2520396.000  27
382621.550 2520284.170  27
382791.940 2520247.590  27
382915.320 2520235.840  27
383015.200 2520212.340  27
383214.960 2520130.090  27
383417.660 2520047.830  27
383614.480 2519947.950  27
383820.110 2519821.630  27
384016.940 2519689.440  27
384028.473 2519678.910  27
  
378000.000 2522596.894  28
378156.300 2522511.190  28
378258.330 2522460.180  28
378362.000 2522401.100  28
378559.040 2522282.970  28
378755.040 2522159.470  28
378857.060 2522100.400  28
379062.000 2521969.820  28
379259.800 2521869.500  28
379453.120 2521748.670  28
379662.000 2521592.180  28
379863.030 2521432.830  28
380068.080 2521285.050  28
380312.000 2521102.160  28
380403.580 2521026.430  28
380518.830 2520939.600  28
380709.660 2520787.470  28
380912.000 2520634.330  28
381112.000 2520529.850  28
381303.030 2520425.010  28
381426.540 2520304.180  28
381612.000 2520104.210  28
381812.000 2519870.720  28
382012.000 2519655.970  28
382212.000 2519367.930  28
382412.000 2519099.710  28
382612.000 2518798.280  28
382812.000 2518510.930  28
383012.000 2518275.900  28
383112.000 2518188.730  28
383212.000 2518064.940  28
383260.741 2518000.000  28
  
382071.310 2518589.000  29
382163.820 2518389.000  29
382263.370 2518189.000  29
382396.031 2518000.000  29
  
378000.000 2522204.067  30
378091.860 2522132.620  30
378056.960 2522132.620  30
378000.000 2522179.756  30
  
378943.430 2525539.000  31
378976.120 2525485.920  31
378991.320 2525439.000  31
378995.800 2525389.000  31
379002.450 2525337.180  31
379009.910 2525289.000  31
379020.870 2525285.850  31
379011.660 2525335.860  31
379006.790 2525389.000  31
379000.670 2525439.000  31
378990.600 2525487.230  31
378952.680 2525539.000  31
378943.430 2525539.000  31
  
378432.510 2525940.020  32
378458.840 2525891.320  32
378482.530 2525845.250  32
378525.490 2525789.000  32
378577.810 2525739.000  32
378618.290 2525689.000  32
378643.110 2525643.870  32
378693.130 2525578.050  32
378672.460 2525589.000  32
378637.850 2525635.970  32
378611.260 2525689.000  32
378567.800 2525739.000  32
378517.730 2525789.000  32
378479.900 2525838.670  32
378448.310 2525893.950  32
378419.350 2525949.230  32
378432.510 2525940.020  32
  
379541.710 2524989.000  33
379551.790 2524939.390  33
379582.010 2524889.000  33
379630.420 2524836.580  33
379658.690 2524789.000  33
379672.110 2524739.000  33
379677.880 2524689.000  33
379681.350 2524589.000  33
379690.900 2524567.450  33
379691.430 2524688.820  33
379686.810 2524739.000  33
379670.700 2524789.000  33
379641.840 2524840.510  33
379592.250 2524894.470  33
379566.910 2524942.410  33
379550.550 2524989.000  33
379541.710 2524989.000  33
  
382150.710 2524339.000  34
382186.610 2524289.000  34
382266.750 2524189.000  34
382308.980 2524139.000  34
382350.320 2524089.000  34
382421.880 2523989.000  34
382462.950 2523939.000  34
382508.460 2523889.000  34
382544.120 2523839.000  34
382549.880 2523839.000  34
382513.910 2523889.000  34
382475.060 2523939.000  34
382432.050 2523989.000  34
382359.540 2524089.000  34
382320.900 2524139.000  34
382275.080 2524189.000  34
382192.000 2524289.000  34
382156.070 2524339.000  34
382150.710 2524339.000  34
  
379952.150 2525273.240  35
379950.530 2525089.000  35
379974.380 2524989.000  35
380044.180 2524889.000  35
380112.400 2524789.000  35
380157.800 2524689.000  35
380219.310 2524589.000  35
380285.990 2524439.020  35
380267.570 2524458.110  35
380206.200 2524576.090  35
380140.250 2524689.000  35
380095.030 2524782.050  35
380014.560 2524889.000  35
379942.920 2524989.000  35
379920.350 2525089.000  35
379927.000 2525287.620  35
379952.150 2525273.240  35
  
380240.530 2524403.760  36
380317.730 2524287.950  36
380363.190 2524189.000  36
380452.980 2524089.000  36
380526.860 2524027.780  36
380719.340 2523827.900  36
380744.020 2523830.980  36
380549.680 2524038.890  36
380486.420 2524089.000  36
380380.890 2524200.230  36
380343.830 2524289.000  36
380240.530 2524431.830  36
380240.530 2524403.760  36
  
381862.000 2523454.850  37
381912.000 2523426.480  37
381962.000 2523414.260  37
382012.000 2523401.620  37
382073.240 2523377.000  37
382122.700 2523339.000  37
382300.160 2523238.730  37
382291.560 2523260.560  37
382141.380 2523355.170  37
382075.220 2523398.170  37
382015.680 2523420.000  37
381962.750 2523435.880  37
381909.820 2523454.410  37
381859.700 2523478.960  37
381745.430 2523504.700  37
381569.910 2523519.140  37
381580.830 2523504.700  37
381743.480 2523484.420  37
381862.000 2523454.850  37
  
378000.000 2525584.786  38
378012.000 2525574.540  38
378112.000 2525525.310  38
378212.000 2525396.550  38
378312.000 2525310.670  38
378507.770 2525205.860  38
378608.890 2525177.920  38
378712.000 2525124.290  38
378812.000 2525088.680  38
378914.060 2525015.520  38
378961.900 2524988.520  38
379014.250 2524950.490  38
379112.000 2524904.460  38
379213.410 2524833.530  38
379312.000 2524795.270  38
379410.990 2524747.030  38
379512.000 2524670.120  38
379616.020 2524617.870  38
379712.000 2524521.260  38
379812.000 2524335.450  38
379907.300 2524264.380  38
380012.000 2524134.740  38
380087.030 2524082.800  38
380154.950 2523989.000  38
380283.050 2523889.000  38
380410.830 2523866.940  38
380510.860 2523852.460  38
380612.210 2523834.030  38
380712.000 2523809.860  38
380812.280 2523761.640  38
380912.000 2523735.990  38
381012.000 2523734.160  38
381112.000 2523749.530  38
381212.000 2523728.650  38
381312.000 2523675.270  38
381412.000 2523581.760  38
381512.000 2523538.080  38
381562.000 2523508.060  38
381812.000 2523286.880  38
381962.000 2523173.800  38
382062.000 2523102.700  38
382162.000 2522986.770  38
382262.000 2522907.400  38
382312.000 2522884.550  38
382412.000 2522821.630  38
382512.000 2522761.810  38
382512.000 2522790.170  38
382412.000 2522855.380  38
382312.000 2522913.410  38
382262.000 2522934.950  38
382162.000 2523005.910  38
382062.000 2523122.100  38
381962.000 2523182.850  38
381812.000 2523304.550  38
381562.000 2523527.910  38
381517.030 2523565.090  38
381416.470 2523618.140  38
381319.610 2523705.130  38
381209.800 2523755.720  38
381112.000 2523773.160  38
381012.000 2523763.670  38
380907.500 2523765.590  38
380814.910 2523790.600  38
380728.590 2523838.390  38
380612.000 2523862.890  38
380512.000 2523879.120  38
380412.000 2523895.010  38
380307.850 2523911.800  38
380188.780 2523992.620  38
380105.460 2524092.020  38
380015.230 2524159.370  38
379912.000 2524284.440  38
379818.520 2524353.950  38
379712.000 2524554.970  38
379625.060 2524634.120  38
379512.000 2524690.390  38
379412.800 2524769.610  38
379312.000 2524812.300  38
379218.720 2524851.530  38
379112.000 2524919.870  38
379014.250 2524967.670  38
378963.130 2525006.930  38
378920.190 2525029.010  38
378812.000 2525097.730  38
378711.560 2525141.060  38
378612.840 2525192.390  38
378510.170 2525226.620  38
378312.000 2525326.190  38
378212.000 2525419.090  38
378112.000 2525545.420  38
378012.000 2525600.110  38
378000.000 2525609.556  38
  
382183.930 2525740.500  39
382206.580 2525516.260  39
382237.950 2525389.000  39
382263.210 2525301.070  39
382344.750 2525190.080  39
382373.680 2525091.370  39
382375.140 2524992.190  39
382373.680 2524920.730  39
382362.010 2524788.000  39
382347.200 2524800.190  39
382350.910 2524918.240  39
382350.340 2525091.370  39
382313.040 2525190.080  39
382238.290 2525294.280  39
382212.170 2525389.000  39
382181.670 2525509.460  39
382161.280 2525731.440  39
382183.930 2525740.500  39
  
383278.410 2525589.000  40
383376.130 2525489.000  40
383524.470 2525389.000  40
383604.420 2525289.000  40
383782.510 2525189.000  40
383863.460 2525089.000  40
383962.320 2524989.000  40
384000.000 2524963.859  40
  
382271.410 2522639.000  41
382315.360 2522589.000  41
382412.050 2522489.000  41
382539.310 2522289.000  41
382769.880 2522089.000  41
383073.280 2521889.000  41
383274.420 2521689.000  41
383457.760 2521489.000  41
383645.860 2521289.000  41
383835.550 2521079.250  41
383915.610 2521005.360  41
383962.000 2520968.110  41
384000.000 2520937.069  41
  
383033.500 2523389.000  42
383108.160 2523289.000  42
383239.670 2523089.000  42
383473.750 2522889.000  42
383678.580 2522689.000  42
383895.610 2522489.000  42
384000.000 2522390.169  42
  
378189.320 2519102.080  43
378216.350 2518991.260  43
378248.780 2518940.350  43
378295.810 2518889.000  43
378311.850 2518842.140  43
378317.900 2518789.000  43
378306.700 2518789.000  43
378299.690 2518838.990  43
378280.320 2518887.640  43
378235.270 2518939.450  43
378201.480 2518993.510  43
378176.700 2519102.980  43
378189.320 2519102.080  43
  
381421.710 2518189.000  44
381469.330 2518089.000  44
381536.891 2518000.000  44
  
378630.930 2518089.000  45
378687.712 2518000.000  45
  
380873.100 2518089.000  46
381010.231 2518000.000  46
  
379904.200 2518699.110  47
380012.000 2518701.490  47
380112.000 2518672.700  47
380212.000 2518623.670  47
380270.450 2518586.000  47
380364.700 2518480.970  47
380418.560 2518386.720  47
380475.120 2518289.770  47
380528.980 2518190.130  47
380582.840 2518085.100  47
380625.386 2518000.000  47
  
379866.070 2518689.000  48
379889.300 2518646.390  48
379923.050 2518586.000  48
379970.430 2518486.560  48
379999.490 2518388.480  48
380026.070 2518289.000  48
380049.130 2518174.160  48
380058.820 2518158.420  48
380038.100 2518289.000  48
380011.600 2518390.900  48
379982.540 2518488.980  48
379930.470 2518591.900  48
379897.780 2518654.870  48
379874.770 2518694.820  48
379866.070 2518689.000  48
  
378000.000 2520072.981  49
378127.280 2519978.420  49
378357.390 2519823.100  49
378477.280 2519620.710  49
378561.750 2519509.570  49
378721.780 2519362.870  49
378979.620 2519260.630  49
378992.950 2519211.730  49
378708.450 2519340.650  49
378552.700 2519489.000  49
378450.610 2519607.370  49
378343.970 2519792.420  49
378127.280 2519941.990  49
378000.000 2520035.001  49
  
378188.330 2519923.000  50
378312.000 2519949.970  50
378412.000 2519959.740  50
378512.720 2519949.660  50
378616.260 2519936.230  50
378719.810 2519907.470  50
378841.810 2519807.420  50
378923.080 2519704.210  50
378965.500 2519589.000  50
378993.300 2519489.000  50
379001.890 2519389.000  50
379009.060 2519289.000  50
379018.130 2519189.000  50
379047.720 2519090.580  50
379116.750 2519000.450  50
379285.500 2518889.000  50
379444.710 2518789.000  50
379512.000 2518741.360  50
379612.000 2518712.160  50
379712.000 2518696.720  50
379812.000 2518707.170  50
379912.280 2518699.110  50
379914.970 2518685.640  50
379812.640 2518691.030  50
379713.000 2518680.260  50
379602.580 2518693.720  50
379500.250 2518728.730  50
379414.070 2518779.900  50
379240.590 2518889.000  50
379089.770 2518989.000  50
379019.630 2519087.260  50
378986.360 2519194.130  50
378972.930 2519297.680  50
378971.020 2519387.810  50
378963.350 2519487.520  50
378932.670 2519596.820  50
378890.710 2519700.730  50
378815.690 2519796.250  50
378704.000 2519887.430  50
378612.000 2519908.960  50
378512.000 2519928.430  50
378412.000 2519940.410  50
378312.000 2519932.860  50
378212.000 2519907.850  50
378188.330 2519923.000  50
  
378320.290 2519389.000  51
378328.930 2519289.000  51
378382.900 2519189.000  51
378451.420 2519089.000  51
378532.180 2518989.000  51
378614.100 2518889.000  51
378658.110 2518789.000  51
378710.340 2518689.000  51
378740.860 2518684.980  51
378681.830 2518799.090  51
378638.540 2518895.110  51
378553.540 2518994.280  51
378470.910 2519091.870  51
378406.370 2519193.390  51
378355.220 2519287.830  51
378327.100 2519389.000  51
378320.290 2519389.000  51
  
382152.500 2524339.000  52
382188.000 2524289.000  52
382268.250 2524189.000  52
382311.250 2524139.000  52
382350.250 2524089.000  52
382422.250 2523989.000  52
382464.250 2523939.000  52
382510.000 2523889.000  52
382545.000 2523839.000  52
382550.500 2523839.000  52
382514.250 2523889.000  52
382475.250 2523939.000  52
382431.750 2523989.000  52
382362.500 2524089.000  52
382322.250 2524139.000  52
382276.500 2524189.000  52
382191.000 2524289.000  52
382156.000 2524339.000  52
382152.500 2524339.000  52
  
endfile
