       382604.00      2523632.00      59       0       1       1
       381740.00      2524470.00      63       0       1       1
       382459.00      2524365.00      79       0       1       1
       382882.00      2523291.00      99       0       1       1
       380403.00      2525093.00     122       0       1       1
       380517.00      2525252.00     129       0       1       3
       380728.50      2522203.00      61       0       1       3
       381970.00      2521540.00      70       0       1       1
       379630.00      2523685.00      76       0       1       1
       381072.00      2522889.00      80       0       1       3
       380504.70      2522074.00      87       0       1       3
       379533.00      2522558.00      89       0       1       1
       379570.00      2522778.00      91       0       1       1
       381038.00      2522665.00      93       0       1       3
       379649.00      2523418.00      95       0       1       1
       380454.09      2521889.89     140       0       1       1
       381064.01      2523118.99     136       0       1       1
       382337.00      2522480.01     126       0       1       1
       381038.00      2522665.00     128       0       1       1
       379649.00      2523418.00     131       0       1       1
       380454.09      2521889.89     125       0       1       1
       381064.01      2523118.99      95       0       1       1
       384062.90      2522619.18      30       0       1       1
       381245.02      2523849.98      71       0       1       1
       381111.01      2525494.99      72       0       1       1
       380439.83      2522969.95       2       0       1       1
       380440.00      2522480.08      12       0       1       1
       381442.55      2522722.58      13       0       1       1
       381442.54      2522025.07      14       0       1       1
       380052.57      2522025.01      15       0       1       1
       380752.52      2522024.97      16       0       1       1
       382142.56      2522722.47      19       0       1       1
       382149.88      2522025.05      20       0       1       1
       381440.06      2521322.48      21       0       1       1
       380832.51      2521527.49      22       0       1       1
       381027.89      2522415.75      23       0       1       1
       381054.39      2523305.08      24       0       1       1
       381787.92      2522370.00      25       0       1       1
       380132.55      2521527.55      27       0       1       1
       380052.96      2522624.58      28       0       1       1
       380439.89      2523370.12      50       0       1       1
       378447.43      2521429.98       5       0       1       1
       380420.47      2519658.15       6       0       1       1
       380127.50      2520137.50       8       0       1       1
       379427.52      2520127.51       9       0       1       1
       380827.54      2520150.05      10       0       1       1
       379430.07      2520827.46      11       0       1       1
       380129.97      2520827.52      17       0       1       1
       380840.02      2519080.06      18       0       1       1
       380482.00      2520485.69      26       0       1       1
       380520.67      2519208.18      29       0       1       1
endfile
