      59       0       0      222.77           6
      63       0       0      414.37           6
      79       0       0      430.08           6
      99       0       0      495.97           6
     122       0       0      141.26           6
     129       0       0      421.25           6
      61       0       0      319.93           6
      70       0       0      201.42           6
      76       0       0       57.54           6
      80       0       0      294.65           6
      87       0       0       42.94           6
      89       0       0      478.74           6
      91       0       0      306.86           6
      93       0       0      100.00           6
      95       0       0      420.37           6
     140       0       0      280.49           6
     136       0       0       51.94           6
     126       0       0       53.06           6
     128       0       0      343.88           6
     131       0       0      394.76           6
     125       0       0      310.69           6
      95       0       0      422.33           6
      30       0       0      250.74           6
      71       0       0      405.06           6
      72       0       0      349.78           6
       2       0       0      172.77           6
      12       0       0      477.66           6
      13       0       0      350.00           6
      14       0       0      114.00           6
      15       0       0      473.42           6
      16       0       0      260.26           6
      19       0       0      321.42           6
      20       0       0       63.73           6
      21       0       0       45.18           6
      22       0       0        7.87           6
      23       0       0      271.33           6
      24       0       0       27.87           6
      25       0       0      383.62           6
      27       0       0      495.50           6
      28       0       0      172.12           6
      50       0       0      315.95           6
       5       0       0      252.60           6
       6       0       0      395.98           6
       8       0       0      419.19           6
       9       0       0      300.05           6
      10       0       0      233.55           6
      11       0       0      432.19           6
      17       0       0       28.91           6
      18       0       0      332.40           6
      26       0       0       16.73           6
      29       0       0      285.17           6
endfile
